<?xml version="1.0" encoding="UTF-8" standalone="no"?>
<!DOCTYPE svg PUBLIC "-//W3C//DTD SVG 20010904//EN"
              "http://www.w3.org/TR/2001/REC-SVG-20010904/DTD/svg10.dtd">

<svg xmlns="http://www.w3.org/2000/svg"
     width="5.59722in" height="3.93056in"
     viewBox="0 0 403 283">
  <path id="roots"
        fill="none" stroke="black" stroke-width="1"
        d="M 183.54,121.93
           C 183.54,121.93 177.39,117.96 177.39,117.96
             177.39,117.96 171.54,108.84 171.54,108.84
             171.54,108.84 169.26,103.08 169.26,103.08
             169.26,103.08 167.17,93.86 167.17,93.86
             167.17,93.86 162.21,84.43 162.21,84.43
             162.21,84.43 155.17,75.70 155.17,75.70
             155.17,75.70 149.51,67.17 149.51,67.17
             149.51,67.17 146.64,60.12 146.64,60.12
             146.64,60.12 142.87,51.00 142.87,51.00
             142.87,51.00 143.16,59.33 143.16,59.33
             143.16,59.33 140.49,50.60 140.49,50.60
             140.49,50.60 136.22,37.40 136.22,37.40
             136.22,37.40 133.04,28.37 133.04,28.37
             133.04,28.37 128.98,18.85 128.98,18.85
             128.98,18.85 124.11,12.70 124.11,12.70
             124.11,12.70 116.18,6.65 116.18,6.65
             116.18,6.65 120.84,13.59 120.84,13.59
             120.84,13.59 127.09,20.44 127.09,20.44
             127.09,20.44 131.06,29.17 131.06,29.17
             131.06,29.17 133.64,36.71 133.64,36.71
             133.64,36.71 128.88,31.15 128.88,31.15
             128.88,31.15 122.43,21.03 122.43,21.03
             122.43,21.03 121.73,25.70 121.73,25.70
             121.73,25.70 126.60,33.43 126.60,33.43
             126.60,33.43 132.45,39.39 132.45,39.39
             132.45,39.39 136.12,49.90 136.12,49.90
             136.12,49.90 136.71,52.48 136.71,52.48
             136.71,52.48 132.05,47.82 132.05,47.82
             132.05,47.82 130.07,40.97 130.07,40.97
             130.07,40.97 129.08,45.04 129.08,45.04
             129.08,45.04 131.75,50.40 131.75,50.40
             131.75,50.40 134.53,55.76 134.53,55.76
             134.53,55.76 139.49,62.31 139.49,62.31
             139.49,62.31 140.49,67.27 140.49,67.27
             140.49,67.27 142.97,73.81 142.97,73.81
             142.97,73.81 145.84,79.97 145.84,79.97
             145.84,79.97 149.61,87.60 149.61,87.60
             149.61,87.60 154.47,96.14 154.47,96.14
             154.47,96.14 148.42,88.99 148.42,88.99
             148.42,88.99 142.67,77.78 142.67,77.78
             142.67,77.78 136.62,66.67 136.62,66.67
             136.62,66.67 132.85,59.03 132.85,59.03
             132.85,59.03 134.73,67.27 134.73,67.27
             134.73,67.27 138.40,73.81 138.40,73.81
             138.40,73.81 143.36,82.25 143.36,82.25
             143.36,82.25 137.11,73.32 137.11,73.32
             137.11,73.32 125.90,61.02 125.90,61.02
             125.90,61.02 131.36,69.65 131.36,69.65
             131.36,69.65 139.29,82.64 139.29,82.64
             139.29,82.64 146.44,93.66 146.44,93.66
             146.44,93.66 146.74,100.60 146.74,100.60
             146.74,100.60 138.40,88.40 138.40,88.40
             138.40,88.40 123.02,68.85 123.02,68.85
             123.02,68.85 115.98,60.52 115.98,60.52
             115.98,60.52 112.90,54.67 112.90,54.67
             112.90,54.67 102.88,45.74 102.88,45.74
             102.88,45.74 104.17,49.11 104.17,49.11
             104.17,49.11 111.12,57.94 111.12,57.94
             111.12,57.94 105.66,54.67 105.66,54.67
             105.66,54.67 97.63,48.02 97.63,48.02
             97.63,48.02 92.76,39.49 92.76,39.49
             92.76,39.49 88.99,31.95 88.99,31.95
             88.99,31.95 89.39,38.89 89.39,38.89
             89.39,38.89 93.16,45.94 93.16,45.94
             93.16,45.94 100.01,54.17 100.01,54.17
             100.01,54.17 108.84,60.52 108.84,60.52
             108.84,60.52 116.08,65.78 116.08,65.78
             116.08,65.78 106.46,62.70 106.46,62.70
             106.46,62.70 95.54,55.66 95.54,55.66
             95.54,55.66 85.52,44.65 85.52,44.65
             85.52,44.65 77.88,33.73 77.88,33.73
             77.88,33.73 70.14,26.89 70.14,26.89
             70.14,26.89 75.10,34.53 75.10,34.53
             75.10,34.53 80.76,43.75 80.76,43.75
             80.76,43.75 89.09,53.57 89.09,53.57
             89.09,53.57 82.74,51.39 82.74,51.39
             82.74,51.39 75.30,45.74 75.30,45.74
             75.30,45.74 78.38,51.89 78.38,51.89
             78.38,51.89 88.60,57.44 88.60,57.44
             88.60,57.44 92.37,58.24 92.37,58.24
             92.37,58.24 101.79,64.39 101.79,64.39
             101.79,64.39 113.80,69.75 113.80,69.75
             113.80,69.75 120.05,73.02 120.05,73.02
             120.05,73.02 125.31,77.29 125.31,77.29
             125.31,77.29 113.80,77.78 113.80,77.78
             113.80,77.78 103.58,76.29 103.58,76.29
             103.58,76.29 89.89,62.31 89.89,62.31
             89.89,62.31 89.89,67.17 89.89,67.17
             89.89,67.17 96.53,74.41 96.53,74.41
             96.53,74.41 100.40,77.29 100.40,77.29
             100.40,77.29 92.27,76.79 92.27,76.79
             92.27,76.79 86.71,74.61 86.71,74.61
             86.71,74.61 89.29,79.07 89.29,79.07
             89.29,79.07 95.64,81.35 95.64,81.35
             95.64,81.35 103.68,82.25 103.68,82.25
             103.68,82.25 108.54,84.13 108.54,84.13
             108.54,84.13 116.48,89.19 116.48,89.19
             116.48,89.19 124.91,92.76 124.91,92.76
             124.91,92.76 134.23,96.24 134.23,96.24
             134.23,96.24 138.70,100.40 138.70,100.40
             138.70,100.40 145.05,106.46 145.05,106.46
             145.05,106.46 137.41,103.38 137.41,103.38
             137.41,103.38 129.67,102.09 129.67,102.09
             129.67,102.09 124.41,101.40 124.41,101.40
             124.41,101.40 116.87,101.40 116.87,101.40
             116.87,101.40 130.76,105.56 130.76,105.56
             130.76,105.56 142.97,109.33 142.97,109.33
             142.97,109.33 153.78,116.38 153.78,116.38
             153.78,116.38 158.14,120.25 158.14,120.25
             158.14,120.25 140.19,120.15 140.19,120.15
             140.19,120.15 127.59,117.96 127.59,117.96
             127.59,117.96 116.97,110.42 116.97,110.42
             116.97,110.42 103.18,100.90 103.18,100.90
             103.18,100.90 92.17,95.34 92.17,95.34
             92.17,95.34 77.58,92.86 77.58,92.86
             77.58,92.86 89.49,100.50 89.49,100.50
             89.49,100.50 101.49,105.17 101.49,105.17
             101.49,105.17 109.63,110.82 109.63,110.82
             109.63,110.82 97.53,110.23 97.53,110.23
             97.53,110.23 84.03,107.55 84.03,107.55
             84.03,107.55 91.97,111.81 91.97,111.81
             91.97,111.81 104.37,113.30 104.37,113.30
             104.37,113.30 112.90,115.29 112.90,115.29
             112.90,115.29 117.67,117.47 117.67,117.47
             117.67,117.47 123.92,121.24 123.92,121.24
             123.92,121.24 130.46,124.02 130.46,124.02
             130.46,124.02 139.29,126.20 139.29,126.20
             139.29,126.20 150.41,126.30 150.41,126.30
             150.41,126.30 143.46,129.67 143.46,129.67
             143.46,129.67 138.20,130.17 138.20,130.17
             138.20,130.17 130.37,126.60 130.37,126.60
             130.37,126.60 125.60,123.92 125.60,123.92
             125.60,123.92 115.78,120.44 115.78,120.44
             115.78,120.44 109.23,118.76 109.23,118.76
             109.23,118.76 95.05,118.96 95.05,118.96
             95.05,118.96 100.90,120.54 100.90,120.54
             100.90,120.54 110.72,121.63 110.72,121.63
             110.72,121.63 123.82,127.69 123.82,127.69
             123.82,127.69 138.00,133.94 138.00,133.94
             138.00,133.94 138.50,135.33 138.50,135.33
             138.50,135.33 125.01,135.62 125.01,135.62
             125.01,135.62 117.96,132.45 117.96,132.45
             117.96,132.45 111.32,126.20 111.32,126.20
             111.32,126.20 102.98,125.11 102.98,125.11
             102.98,125.11 111.61,130.86 111.61,130.86
             111.61,130.86 115.09,134.83 115.09,134.83
             115.09,134.83 106.16,131.66 106.16,131.66
             106.16,131.66 100.01,129.27 100.01,129.27
             100.01,129.27 81.45,122.43 81.45,122.43
             81.45,122.43 68.36,121.34 68.36,121.34
             68.36,121.34 57.54,117.27 57.54,117.27
             57.54,117.27 38.00,116.18 38.00,116.18
             38.00,116.18 28.97,114.59 28.97,114.59
             28.97,114.59 17.46,110.42 17.46,110.42
             17.46,110.42 18.16,113.90 18.16,113.90
             18.16,113.90 26.99,117.07 26.99,117.07
             26.99,117.07 30.95,118.36 30.95,118.36
             30.95,118.36 16.47,121.44 16.47,121.44
             16.47,121.44 20.04,122.92 20.04,122.92
             20.04,122.92 29.37,121.04 29.37,121.04
             29.37,121.04 38.30,120.25 38.30,120.25
             38.30,120.25 52.48,120.05 52.48,120.05
             52.48,120.05 59.53,121.24 59.53,121.24
             59.53,121.24 39.98,122.13 39.98,122.13
             39.98,122.13 24.31,125.40 24.31,125.40
             24.31,125.40 10.32,128.78 10.32,128.78
             10.32,128.78 1.79,129.47 1.79,129.47
             1.79,129.47 9.62,130.86 9.62,130.86
             9.62,130.86 20.64,129.27 20.64,129.27
             20.64,129.27 39.88,125.31 39.88,125.31
             39.88,125.31 42.26,125.01 42.26,125.01
             42.26,125.01 37.30,127.79 37.30,127.79
             37.30,127.79 29.57,133.14 29.57,133.14
             29.57,133.14 23.12,136.42 23.12,136.42
             23.12,136.42 27.78,137.31 27.78,137.31
             27.78,137.31 37.40,131.36 37.40,131.36
             37.40,131.36 46.63,125.11 46.63,125.11
             46.63,125.11 64.29,125.11 64.29,125.11
             64.29,125.11 73.42,126.40 73.42,126.40
             73.42,126.40 81.16,127.89 81.16,127.89
             81.16,127.89 89.29,131.06 89.29,131.06
             89.29,131.06 96.34,133.44 96.34,133.44
             96.34,133.44 90.48,135.33 90.48,135.33
             90.48,135.33 82.05,132.55 82.05,132.55
             82.05,132.55 76.00,130.46 76.00,130.46
             76.00,130.46 64.69,130.17 64.69,130.17
             64.69,130.17 57.15,132.65 57.15,132.65
             57.15,132.65 62.31,133.44 62.31,133.44
             62.31,133.44 75.30,133.74 75.30,133.74
             75.30,133.74 84.43,136.71 84.43,136.71
             84.43,136.71 74.61,139.99 74.61,139.99
             74.61,139.99 61.02,137.91 61.02,137.91
             61.02,137.91 47.72,136.62 47.72,136.62
             47.72,136.62 39.09,140.29 39.09,140.29
             39.09,140.29 46.43,140.39 46.43,140.39
             46.43,140.39 58.54,141.28 58.54,141.28
             58.54,141.28 72.52,143.16 72.52,143.16
             72.52,143.16 59.33,144.85 59.33,144.85
             59.33,144.85 51.89,147.33 51.89,147.33
             51.89,147.33 45.84,152.49 45.84,152.49
             45.84,152.49 54.27,150.41 54.27,150.41
             54.27,150.41 63.10,146.74 63.10,146.74
             63.10,146.74 73.12,146.44 73.12,146.44
             73.12,146.44 84.33,142.27 84.33,142.27
             84.33,142.27 95.24,139.20 95.24,139.20
             95.24,139.20 104.17,138.40 104.17,138.40
             104.17,138.40 110.23,139.29 110.23,139.29
             110.23,139.29 118.16,141.48 118.16,141.48
             118.16,141.48 124.11,141.28 124.11,141.28
             124.11,141.28 118.16,145.15 118.16,145.15
             118.16,145.15 109.83,141.97 109.83,141.97
             109.83,141.97 102.59,142.07 102.59,142.07
             102.59,142.07 96.04,145.64 96.04,145.64
             96.04,145.64 89.49,145.35 89.49,145.35
             89.49,145.35 83.93,146.54 83.93,146.54
             83.93,146.54 77.49,147.93 77.49,147.93
             77.49,147.93 70.64,148.12 70.64,148.12
             70.64,148.12 63.69,149.61 63.69,149.61
             63.69,149.61 72.62,150.21 72.62,150.21
             72.62,150.21 80.86,149.51 80.86,149.51
             80.86,149.51 90.88,148.72 90.88,148.72
             90.88,148.72 86.51,151.80 86.51,151.80
             86.51,151.80 79.27,153.88 79.27,153.88
             79.27,153.88 70.44,155.27 70.44,155.27
             70.44,155.27 62.50,155.27 62.50,155.27
             62.50,155.27 57.84,156.95 57.84,156.95
             57.84,156.95 63.89,158.14 63.89,158.14
             63.89,158.14 73.22,158.24 73.22,158.24
             73.22,158.24 79.97,156.86 79.97,156.86
             79.97,156.86 87.21,154.18 87.21,154.18
             87.21,154.18 77.68,159.53 77.68,159.53
             77.68,159.53 69.35,161.12 69.35,161.12
             69.35,161.12 59.83,161.52 59.83,161.52
             59.83,161.52 49.41,161.91 49.41,161.91
             49.41,161.91 42.17,163.20 42.17,163.20
             42.17,163.20 38.89,167.77 38.89,167.77
             38.89,167.77 48.71,164.59 48.71,164.59
             48.71,164.59 62.11,164.30 62.11,164.30
             62.11,164.30 78.48,162.31 78.48,162.31
             78.48,162.31 88.10,157.25 88.10,157.25
             88.10,157.25 96.24,150.31 96.24,150.31
             96.24,150.31 102.69,146.83 102.69,146.83
             102.69,146.83 109.93,146.93 109.93,146.93
             109.93,146.93 116.28,148.92 116.28,148.92
             116.28,148.92 119.85,151.70 119.85,151.70
             119.85,151.70 109.03,158.74 109.03,158.74
             109.03,158.74 103.08,162.81 103.08,162.81
             103.08,162.81 91.28,162.61 91.28,162.61
             91.28,162.61 85.22,164.59 85.22,164.59
             85.22,164.59 80.56,165.69 80.56,165.69
             80.56,165.69 70.94,165.98 70.94,165.98
             70.94,165.98 74.71,167.57 74.71,167.57
             74.71,167.57 83.24,167.47 83.24,167.47
             83.24,167.47 77.39,168.96 77.39,168.96
             77.39,168.96 66.27,168.86 66.27,168.86
             66.27,168.86 60.32,171.64 60.32,171.64
             60.32,171.64 67.27,171.24 67.27,171.24
             67.27,171.24 79.37,170.65 79.37,170.65
             79.37,170.65 87.31,168.26 87.31,168.26
             87.31,168.26 92.37,166.38 92.37,166.38
             92.37,166.38 99.91,166.08 99.91,166.08
             99.91,166.08 89.69,170.65 89.69,170.65
             89.69,170.65 80.26,172.63 80.26,172.63
             80.26,172.63 70.64,172.33 70.64,172.33
             70.64,172.33 62.31,172.73 62.31,172.73
             62.31,172.73 53.08,173.32 53.08,173.32
             53.08,173.32 44.55,175.80 44.55,175.80
             44.55,175.80 40.28,179.67 40.28,179.67
             40.28,179.67 45.94,178.29 45.94,178.29
             45.94,178.29 52.09,176.30 52.09,176.30
             52.09,176.30 61.11,176.70 61.11,176.70
             61.11,176.70 76.49,176.30 76.49,176.30
             76.49,176.30 68.85,183.74 68.85,183.74
             68.85,183.74 63.40,189.79 63.40,189.79
             63.40,189.79 61.81,197.93 61.81,197.93
             61.81,197.93 67.46,190.39 67.46,190.39
             67.46,190.39 78.87,180.07 78.87,180.07
             78.87,180.07 82.94,176.10 82.94,176.10
             82.94,176.10 98.42,171.14 98.42,171.14
             98.42,171.14 111.71,162.01 111.71,162.01
             111.71,162.01 107.84,167.17 107.84,167.17
             107.84,167.17 99.61,177.49 99.61,177.49
             99.61,177.49 91.18,188.21 91.18,188.21
             91.18,188.21 89.09,190.89 89.09,190.89
             89.09,190.89 78.58,193.96 78.58,193.96
             78.58,193.96 86.91,194.06 86.91,194.06
             86.91,194.06 84.73,197.53 84.73,197.53
             84.73,197.53 77.68,202.89 77.68,202.89
             77.68,202.89 72.62,205.27 72.62,205.27
             72.62,205.27 77.78,205.47 77.78,205.47
             77.78,205.47 88.89,197.73 88.89,197.73
             88.89,197.73 93.66,192.27 93.66,192.27
             93.66,192.27 103.68,188.31 103.68,188.31
             103.68,188.31 112.41,184.54 112.41,184.54
             112.41,184.54 122.73,177.69 122.73,177.69
             122.73,177.69 131.95,168.36 131.95,168.36
             131.95,168.36 140.29,157.65 140.29,157.65
             140.29,157.65 148.42,152.39 148.42,152.39
             148.42,152.39 153.78,150.80 153.78,150.80
             153.78,150.80 163.30,149.41 163.30,149.41
             163.30,149.41 160.53,151.60 160.53,151.60
             160.53,151.60 154.37,156.16 154.37,156.16
             154.37,156.16 146.24,163.11 146.24,163.11
             146.24,163.11 136.12,177.59 136.12,177.59
             136.12,177.59 126.40,183.54 126.40,183.54
             126.40,183.54 119.95,184.73 119.95,184.73
             119.95,184.73 114.29,186.42 114.29,186.42
             114.29,186.42 106.65,190.59 106.65,190.59
             106.65,190.59 102.09,194.36 102.09,194.36
             102.09,194.36 109.33,192.37 109.33,192.37
             109.33,192.37 115.78,189.20 115.78,189.20
             115.78,189.20 122.73,188.70 122.73,188.70
             122.73,188.70 131.26,186.12 131.26,186.12
             131.26,186.12 127.98,190.39 127.98,190.39
             127.98,190.39 120.94,198.23 120.94,198.23
             120.94,198.23 117.67,200.21 117.67,200.21
             117.67,200.21 101.00,201.50 101.00,201.50
             101.00,201.50 90.78,205.57 90.78,205.57
             90.78,205.57 79.37,212.02 79.37,212.02
             79.37,212.02 67.56,218.57 67.56,218.57
             67.56,218.57 59.92,221.34 59.92,221.34
             59.92,221.34 66.87,222.14 66.87,222.14
             66.87,222.14 78.28,216.88 78.28,216.88
             78.28,216.88 93.86,207.16 93.86,207.16
             93.86,207.16 99.91,204.97 99.91,204.97
             99.91,204.97 111.22,204.38 111.22,204.38
             111.22,204.38 102.59,207.95 102.59,207.95
             102.59,207.95 88.40,217.87 88.40,217.87
             88.40,217.87 84.93,222.83 84.93,222.83
             84.93,222.83 76.20,235.03 76.20,235.03
             76.20,235.03 71.14,242.48 71.14,242.48
             71.14,242.48 70.24,248.73 70.24,248.73
             70.24,248.73 73.52,243.67 73.52,243.67
             73.52,243.67 78.87,236.62 78.87,236.62
             78.87,236.62 87.90,224.72 87.90,224.72
             87.90,224.72 95.24,216.68 95.24,216.68
             95.24,216.68 100.60,212.51 100.60,212.51
             100.60,212.51 106.06,210.23 106.06,210.23
             106.06,210.23 102.78,213.90 102.78,213.90
             102.78,213.90 98.72,219.66 98.72,219.66
             98.72,219.66 93.46,229.97 93.46,229.97
             93.46,229.97 94.15,237.91 94.15,237.91
             94.15,237.91 96.63,232.46 96.63,232.46
             96.63,232.46 99.51,224.52 99.51,224.52
             99.51,224.52 103.48,218.76 103.48,218.76
             103.48,218.76 109.33,213.01 109.33,213.01
             109.33,213.01 116.18,207.16 116.18,207.16
             116.18,207.16 125.21,200.91 125.21,200.91
             125.21,200.91 132.35,192.87 132.35,192.87
             132.35,192.87 138.20,184.44 138.20,184.44
             138.20,184.44 141.08,178.98 141.08,178.98
             141.08,178.98 139.29,185.13 139.29,185.13
             139.29,185.13 134.93,193.56 134.93,193.56
             134.93,193.56 129.17,204.58 129.17,204.58
             129.17,204.58 122.33,212.31 122.33,212.31
             122.33,212.31 115.88,223.13 115.88,223.13
             115.88,223.13 114.19,227.79 114.19,227.79
             114.19,227.79 109.83,232.46 109.83,232.46
             109.83,232.46 104.17,236.23 104.17,236.23
             104.17,236.23 110.03,236.23 110.03,236.23
             110.03,236.23 117.37,227.59 117.37,227.59
             117.37,227.59 122.63,217.57 122.63,217.57
             122.63,217.57 127.79,211.82 127.79,211.82
             127.79,211.82 125.60,216.09 125.60,216.09
             125.60,216.09 124.21,226.50 124.21,226.50
             124.21,226.50 124.41,232.16 124.41,232.16
             124.41,232.16 126.89,226.30 126.89,226.30
             126.89,226.30 130.17,214.50 130.17,214.50
             130.17,214.50 137.21,197.83 137.21,197.83
             137.21,197.83 146.44,177.29 146.44,177.29
             146.44,177.29 150.51,167.77 150.51,167.77
             150.51,167.77 158.44,160.43 158.44,160.43
             158.44,160.43 165.19,154.57 165.19,154.57
             165.19,154.57 171.54,151.89 171.54,151.89
             171.54,151.89 164.69,160.23 164.69,160.23
             164.69,160.23 156.86,171.04 156.86,171.04
             156.86,171.04 149.61,183.94 149.61,183.94
             149.61,183.94 144.16,195.35 144.16,195.35
             144.16,195.35 138.50,212.22 138.50,212.22
             138.50,212.22 134.53,226.60 134.53,226.60
             134.53,226.60 132.45,234.94 132.45,234.94
             132.45,234.94 128.08,239.20 128.08,239.20
             128.08,239.20 123.32,242.48 123.32,242.48
             123.32,242.48 118.06,247.44 118.06,247.44
             118.06,247.44 115.48,253.29 115.48,253.29
             115.48,253.29 119.55,250.81 119.55,250.81
             119.55,250.81 123.62,246.44 123.62,246.44
             123.62,246.44 129.37,242.18 129.37,242.18
             129.37,242.18 132.35,240.39 132.35,240.39
             132.35,240.39 130.46,243.67 130.46,243.67
             130.46,243.67 128.48,249.02 128.48,249.02
             128.48,249.02 124.61,254.68 124.61,254.68
             124.61,254.68 120.25,259.64 120.25,259.64
             120.25,259.64 117.27,264.00 117.27,264.00
             117.27,264.00 115.29,265.39 115.29,265.39
             115.29,265.39 120.84,264.20 120.84,264.20
             120.84,264.20 126.99,256.07 126.99,256.07
             126.99,256.07 131.85,248.13 131.85,248.13
             131.85,248.13 135.82,239.70 135.82,239.70
             135.82,239.70 138.90,227.10 138.90,227.10
             138.90,227.10 141.77,217.37 141.77,217.37
             141.77,217.37 142.57,211.32 142.57,211.32
             142.57,211.32 143.76,217.08 143.76,217.08
             143.76,217.08 143.96,226.30 143.96,226.30
             143.96,226.30 143.26,244.66 143.26,244.66
             143.26,244.66 140.58,256.46 140.58,256.46
             140.58,256.46 138.20,266.98 138.20,266.98
             138.20,266.98 139.89,280.18 139.89,280.18
             139.89,280.18 141.18,267.08 141.18,267.08
             141.18,267.08 146.34,254.08 146.34,254.08
             146.34,254.08 147.23,239.60 147.23,239.60
             147.23,239.60 149.22,227.99 149.22,227.99
             149.22,227.99 152.19,215.89 152.19,215.89
             152.19,215.89 153.48,208.64 153.48,208.64
             153.48,208.64 155.47,202.39 155.47,202.39
             155.47,202.39 156.26,213.41 156.26,213.41
             156.26,213.41 157.55,220.75 157.55,220.75
             157.55,220.75 158.64,205.47 158.64,205.47
             158.64,205.47 162.41,190.19 162.41,190.19
             162.41,190.19 167.07,177.49 167.07,177.49
             167.07,177.49 171.34,166.88 171.34,166.88
             171.34,166.88 173.72,158.34 173.72,158.34
             173.72,158.34 180.57,149.51 180.57,149.51
             180.57,149.51 183.54,147.03 183.54,147.03" />
</svg>
