<?xml version="1.0" encoding="UTF-8" standalone="no"?>
<!DOCTYPE svg PUBLIC "-//W3C//DTD SVG 20010904//EN"
              "http://www.w3.org/TR/2001/REC-SVG-20010904/DTD/svg10.dtd">

<svg xmlns="http://www.w3.org/2000/svg"
     width="5.59722in" height="3.93056in"
     viewBox="0 0 403 283">
  <path id="shoot"
        fill="none" stroke="black" stroke-width="1"
        d="M 184.34,147.33
           C 184.34,147.33 187.71,147.33 187.71,147.33
             187.71,147.33 194.85,148.92 194.85,148.92
             194.85,148.92 204.48,152.89 204.48,152.89
             204.48,152.89 212.61,154.57 212.61,154.57
             212.61,154.57 221.64,157.45 221.64,157.45
             221.64,157.45 226.11,161.32 226.11,161.32
             226.11,161.32 231.46,167.97 231.46,167.97
             231.46,167.97 236.03,174.32 236.03,174.32
             236.03,174.32 239.00,177.29 239.00,177.29
             239.00,177.29 235.63,168.86 235.63,168.86
             235.63,168.86 231.26,161.72 231.26,161.72
             231.26,161.72 225.71,155.17 225.71,155.17
             225.71,155.17 217.67,150.90 217.67,150.90
             217.67,150.90 207.06,146.64 207.06,146.64
             207.06,146.64 223.63,152.29 223.63,152.29
             223.63,152.29 230.87,156.36 230.87,156.36
             230.87,156.36 247.83,160.82 247.83,160.82
             247.83,160.82 259.34,167.47 259.34,167.47
             259.34,167.47 268.97,173.52 268.97,173.52
             268.97,173.52 261.33,164.20 261.33,164.20
             261.33,164.20 244.36,152.89 244.36,152.89
             244.36,152.89 232.46,148.82 232.46,148.82
             232.46,148.82 253.69,152.49 253.69,152.49
             253.69,152.49 267.68,155.07 267.68,155.07
             267.68,155.07 276.41,158.24 276.41,158.24
             276.41,158.24 285.34,162.41 285.34,162.41
             285.34,162.41 292.38,167.37 292.38,167.37
             292.38,167.37 301.61,172.63 301.61,172.63
             301.61,172.63 294.36,164.69 294.36,164.69
             294.36,164.69 280.97,156.86 280.97,156.86
             280.97,156.86 270.75,151.70 270.75,151.70
             270.75,151.70 285.14,154.28 285.14,154.28
             285.14,154.28 300.22,157.35 300.22,157.35
             300.22,157.35 312.82,163.60 312.82,163.60
             312.82,163.60 319.86,168.26 319.86,168.26
             319.86,168.26 329.09,176.00 329.09,176.00
             329.09,176.00 338.71,181.76 338.71,181.76
             338.71,181.76 332.36,173.13 332.36,173.13
             332.36,173.13 321.75,164.49 321.75,164.49
             321.75,164.49 311.63,157.25 311.63,157.25
             311.63,157.25 298.73,150.41 298.73,150.41
             298.73,150.41 281.37,147.13 281.37,147.13
             281.37,147.13 294.17,148.22 294.17,148.22
             294.17,148.22 313.71,154.37 313.71,154.37
             313.71,154.37 328.29,160.92 328.29,160.92
             328.29,160.92 337.22,165.78 337.22,165.78
             337.22,165.78 343.77,167.07 343.77,167.07
             343.77,167.07 337.12,161.62 337.12,161.62
             337.12,161.62 325.42,155.57 325.42,155.57
             325.42,155.57 313.21,150.31 313.21,150.31
             313.21,150.31 304.78,146.64 304.78,146.64
             304.78,146.64 292.18,144.16 292.18,144.16
             292.18,144.16 282.26,142.17 282.26,142.17
             282.26,142.17 302.10,143.56 302.10,143.56
             302.10,143.56 318.47,147.63 318.47,147.63
             318.47,147.63 330.77,151.40 330.77,151.40
             330.77,151.40 338.61,155.76 338.61,155.76
             338.61,155.76 354.78,161.82 354.78,161.82
             354.78,161.82 367.09,167.37 367.09,167.37
             367.09,167.37 377.50,170.55 377.50,170.55
             377.50,170.55 387.62,175.80 387.62,175.80
             387.62,175.80 392.98,176.70 392.98,176.70
             392.98,176.70 386.33,171.04 386.33,171.04
             386.33,171.04 370.56,163.70 370.56,163.70
             370.56,163.70 347.44,152.79 347.44,152.79
             347.44,152.79 334.74,148.42 334.74,148.42
             334.74,148.42 320.85,144.06 320.85,144.06
             320.85,144.06 310.04,140.19 310.04,140.19
             310.04,140.19 302.80,138.40 302.80,138.40
             302.80,138.40 314.11,138.70 314.11,138.70
             314.11,138.70 324.33,141.38 324.33,141.38
             324.33,141.38 331.37,143.46 331.37,143.46
             331.37,143.46 337.72,146.24 337.72,146.24
             337.72,146.24 345.86,148.32 345.86,148.32
             345.86,148.32 349.92,148.12 349.92,148.12
             349.92,148.12 339.51,142.97 339.51,142.97
             339.51,142.97 326.21,138.60 326.21,138.60
             326.21,138.60 322.84,136.62 322.84,136.62
             322.84,136.62 332.16,137.01 332.16,137.01
             332.16,137.01 342.48,139.29 342.48,139.29
             342.48,139.29 352.30,142.27 352.30,142.27
             352.30,142.27 361.03,145.84 361.03,145.84
             361.03,145.84 369.67,147.03 369.67,147.03
             369.67,147.03 372.34,146.74 372.34,146.74
             372.34,146.74 368.08,143.86 368.08,143.86
             368.08,143.86 357.66,139.59 357.66,139.59
             357.66,139.59 342.38,135.82 342.38,135.82
             342.38,135.82 360.54,133.64 360.54,133.64
             360.54,133.64 368.28,129.27 368.28,129.27
             368.28,129.27 359.74,128.98 359.74,128.98
             359.74,128.98 338.12,131.66 338.12,131.66
             338.12,131.66 327.50,131.06 327.50,131.06
             327.50,131.06 318.17,129.37 318.17,129.37
             318.17,129.37 313.61,127.29 313.61,127.29
             313.61,127.29 329.68,123.82 329.68,123.82
             329.68,123.82 340.60,122.43 340.60,122.43
             340.60,122.43 358.65,118.86 358.65,118.86
             358.65,118.86 372.44,115.78 372.44,115.78
             372.44,115.78 384.65,109.33 384.65,109.33
             384.65,109.33 366.29,111.71 366.29,111.71
             366.29,111.71 335.44,117.47 335.44,117.47
             335.44,117.47 322.74,120.54 322.74,120.54
             322.74,120.54 307.06,124.11 307.06,124.11
             307.06,124.11 298.33,125.21 298.33,125.21
             298.33,125.21 320.46,117.37 320.46,117.37
             320.46,117.37 337.72,111.61 337.72,111.61
             337.72,111.61 350.52,102.88 350.52,102.88
             350.52,102.88 330.18,108.14 330.18,108.14
             330.18,108.14 313.31,114.00 313.31,114.00
             313.31,114.00 304.78,115.98 304.78,115.98
             304.78,115.98 328.59,102.19 328.59,102.19
             328.59,102.19 339.80,91.77 339.80,91.77
             339.80,91.77 325.81,97.43 325.81,97.43
             325.81,97.43 305.57,109.63 305.57,109.63
             305.57,109.63 292.68,117.27 292.68,117.27
             292.68,117.27 282.06,119.85 282.06,119.85
             282.06,119.85 271.64,119.15 271.64,119.15
             271.64,119.15 290.89,111.81 290.89,111.81
             290.89,111.81 305.08,100.11 305.08,100.11
             305.08,100.11 310.73,92.66 310.73,92.66
             310.73,92.66 297.04,101.89 297.04,101.89
             297.04,101.89 277.40,111.81 277.40,111.81
             277.40,111.81 266.39,115.38 266.39,115.38
             266.39,115.38 260.33,115.78 260.33,115.78
             260.33,115.78 272.34,110.32 272.34,110.32
             272.34,110.32 281.17,101.79 281.17,101.79
             281.17,101.79 285.63,94.25 285.63,94.25
             285.63,94.25 274.42,101.10 274.42,101.10
             274.42,101.10 262.52,109.33 262.52,109.33
             262.52,109.33 256.07,112.01 256.07,112.01
             256.07,112.01 246.74,114.79 246.74,114.79
             246.74,114.79 240.89,115.78 240.89,115.78
             240.89,115.78 251.40,106.75 251.40,106.75
             251.40,106.75 258.75,97.63 258.75,97.63
             258.75,97.63 260.04,91.57 260.04,91.57
             260.04,91.57 250.61,99.51 250.61,99.51
             250.61,99.51 237.42,111.02 237.42,111.02
             237.42,111.02 227.89,115.29 227.89,115.29
             227.89,115.29 218.47,117.57 218.47,117.57
             218.47,117.57 235.63,103.68 235.63,103.68
             235.63,103.68 243.27,92.47 243.27,92.47
             243.27,92.47 243.47,86.22 243.47,86.22
             243.47,86.22 238.21,93.06 238.21,93.06
             238.21,93.06 227.10,104.37 227.10,104.37
             227.10,104.37 209.44,113.70 209.44,113.70
             209.44,113.70 200.81,116.57 200.81,116.57
             200.81,116.57 193.66,118.96 193.66,118.96
             193.66,118.96 184.93,121.63 184.93,121.63" />
</svg>
